5 999
6 999
7 999
8 998
9 998
10 998
11 998
12 997
13 997
14 997
15 997
16 997
17 997
18 997
19 997
20 997
21 997
22 997
23 997
24 997
25 996
26 995
27 995
28 995
29 995
30 995
31 995
32 995
33 995
34 995
35 995
36 995
37 995
38 995
39 995
40 995
41 995
42 995
43 994
44 994
45 994
46 994
47 994
48 994
49 994
50 993
51 993
52 992
53 992
54 992
55 992
56 992
57 992
58 992
59 992
60 992
61 992
62 991
63 991
64 991
65 991
66 991
67 991
68 991
69 991
70 991
71 991
72 991
73 990
74 990
75 990
76 989
77 989
78 989
79 989
80 989
81 989
82 989
83 988
84 988
85 988
86 988
87 988
88 988
89 988
90 988
91 988
92 988
93 988
94 988
95 988
96 988
97 988
98 988
99 988
100 988
101 988
102 988
103 988
104 988
105 988
106 988
107 988
108 988
109 985
110 985
111 985
112 984
113 984
114 984
115 984
116 984
117 984
118 983
119 983
120 983
121 983
122 983
123 983
124 983
125 983
126 983
127 983
128 983
129 983
130 983
131 983
132 983
133 983
134 983
135 983
136 983
137 982
138 982
139 982
140 982
141 981
142 981
143 981
144 981
145 981
146 980
147 980
148 979
149 979
150 979
151 978
152 977
153 977
154 977
155 977
156 977
157 977
158 977
159 976
160 975
161 975
162 975
163 975
164 973
165 973
166 973
167 973
168 973
169 973
170 973
171 973
172 973
173 973
174 973
175 973
176 973
177 973
178 973
179 973
180 973
181 973
182 972
183 972
184 972
185 972
186 972
187 972
188 972
189 972
190 971
191 971
192 971
193 971
194 971
195 971
196 971
197 971
198 971
199 970
200 970
201 970
202 970
203 970
204 970
205 970
206 970
207 970
208 970
209 970
210 970
211 970
212 970
213 970
214 970
215 970
216 970
217 969
218 969
219 969
220 969
221 969
222 969
223 969
224 969
225 969
226 969
227 969
228 969
229 969
230 969
231 969
232 969
233 969
234 969
235 969
236 969
237 969
238 969
239 969
240 968
241 968
242 968
243 968
244 968
245 968
246 968
247 967
248 967
249 967
250 966
251 966
252 966
253 966
254 966
255 966
256 966
257 966
258 966
259 966
260 966
261 966
262 966
263 966
264 966
265 966
266 966
267 966
268 965
269 965
270 965
271 965
272 965
273 965
274 965
275 965
276 965
277 965
278 965
279 965
280 965
281 965
282 965
283 965
284 965
285 965
286 965
287 965
288 965
289 965
290 965
291 964
292 964
293 964
294 964
295 964
296 964
297 964
298 964
299 963
300 963
301 963
302 963
303 963
304 963
305 963
306 963
307 962
308 962
309 962
310 962
311 962
312 961
313 961
314 961
315 961
316 961
317 961
318 961
319 961
320 961
321 961
322 961
323 961
324 961
325 961
326 961
327 961
328 961
329 961
330 961
331 961
332 961
333 961
334 960
335 960
336 960
337 960
338 960
339 960
340 960
341 960
342 960
343 960
344 960
345 960
346 960
347 960
348 960
349 960
350 959
351 959
352 958
353 958
354 958
355 958
356 958
357 958
358 958
359 958
360 958
361 958
362 958
363 958
364 958
365 958
366 958
367 958
368 958
369 958
370 958
371 958
372 958
373 958
374 958
375 958
376 958
377 958
378 958
379 958
380 958
381 958
382 958
383 958
384 957
385 956
386 956
387 956
388 956
389 955
390 955
391 955
392 955
393 955
394 955
395 955
396 955
397 955
398 955
399 955
400 955
401 955
402 955
403 955
404 955
405 955
406 955
407 955
408 955
409 955
410 955
411 955
412 955
413 955
414 955
415 955
416 955
417 955
418 955
419 955
420 955
421 955
422 955
423 955
424 955
425 955
426 955
427 955
428 955
429 955
430 955
431 955
432 955
433 955
434 955
435 955
436 955
437 955
438 955
439 955
440 955
441 955
442 955
443 955
444 955
445 955
446 955
447 955
448 954
449 954
450 954
451 954
452 954
453 954
454 954
455 954
456 954
457 954
458 954
459 954
460 954
461 954
462 954
463 954
464 954
465 954
466 954
467 954
468 954
469 954
470 954
471 954
472 954
473 954
474 954
475 954
476 954
477 953
478 953
479 953
480 953
481 953
482 953
483 953
484 953
485 953
486 953
487 953
488 953
489 953
490 953
491 953
492 953
493 953
494 953
495 953
496 953
497 953
498 953
499 952
500 952
501 952
502 952
503 952
504 952
505 952
506 952
507 952
508 952
509 952
510 952
511 952
512 952
513 952
514 952
515 952
516 952
517 952
518 952
519 952
520 952
521 952
522 952
523 952
524 952
525 952
526 952
527 952
528 952
529 952
530 952
531 952
532 952
533 952
534 952
535 952
536 952
537 952
538 952
539 952
540 952
541 952
542 952
543 952
544 952
545 952
546 952
547 952
548 952
549 952
550 952
551 952
552 952
553 952
554 951
555 951
556 951
557 951
558 951
559 951
560 951
561 951
562 951
563 951
564 951
565 951
566 951
567 951
568 951
569 951
570 951
571 951
572 951
573 951
574 951
575 951
576 951
577 951
578 950
579 950
580 950
581 950
582 950
583 949
584 949
585 949
586 949
587 949
588 949
589 949
590 949
591 949
592 948
593 948
594 947
595 947
596 947
597 947
598 947
599 947
600 947
601 947
602 947
603 947
604 947
605 947
606 947
607 947
608 947
609 947
610 947
611 947
612 947
613 947
614 947
615 947
616 947
617 947
618 947
619 947
620 947
621 947
622 947
623 947
624 947
625 947
626 947
627 947
628 947
629 947
630 947
631 947
632 947
633 947
634 947
635 947
636 947
637 947
638 947
639 947
640 947
641 947
642 947
643 947
644 947
645 947
646 947
647 947
648 947
649 947
650 947
651 947
652 947
653 947
654 947
655 947
656 947
657 947
658 947
659 947
660 947
661 947
662 947
663 947
664 947
665 947
666 947
667 947
668 947
669 947
670 946
671 946
672 946
673 946
674 946
675 945
676 945
677 945
678 945
679 945
680 945
681 945
682 945
683 945
684 945
685 945
686 945
687 945
688 945
689 945
690 945
691 945
692 945
693 945
694 945
695 945
696 945
697 945
698 945
699 945
700 945
701 945
702 945
703 945
704 945
705 945
706 945
707 945
708 945
709 945
710 945
711 945
712 945
713 945
714 945
715 945
716 945
717 945
718 945
719 945
720 945
721 945
722 945
723 945
724 945
725 945
726 945
727 945
728 945
729 945
730 945
731 945
732 945
733 944
734 944
735 944
736 944
737 944
738 944
739 944
740 944
741 944
742 944
743 944
744 944
745 944
746 944
747 944
748 944
749 944
750 944
751 944
752 944
753 944
754 944
755 944
756 944
757 944
758 944
759 944
760 944
761 944
762 944
763 944
764 944
765 944
766 944
767 944
768 944
769 944
770 944
771 944
772 944
773 944
774 944
775 944
776 944
777 944
778 944
779 944
780 944
781 944
782 944
783 944
784 944
785 944
786 944
787 944
788 944
789 944
790 944
791 944
792 944
793 944
794 944
795 944
796 944
797 944
798 944
799 944
800 944
801 944
802 944
803 944
804 944
805 944
806 944
807 944
808 944
809 944
810 944
811 944
812 944
813 942
814 942
815 942
816 942
817 942
818 942
819 942
820 942
821 942
822 942
823 942
824 942
825 942
826 942
827 942
828 942
829 942
830 942
831 942
832 942
833 942
834 942
835 942
836 942
837 942
838 942
839 942
840 942
841 942
842 942
843 942
844 942
845 942
846 942
847 942
848 942
849 942
850 942
851 942
852 942
853 942
854 942
855 942
856 942
857 942
858 942
859 942
860 942
861 942
862 942
863 942
864 942
865 942
866 942
867 942
868 942
869 941
870 941
871 941
872 941
873 941
874 941
875 941
876 941
877 941
878 941
879 941
880 941
881 941
882 941
883 941
884 941
885 941
886 941
887 941
888 941
889 941
890 941
891 941
892 941
893 941
894 941
895 941
896 941
897 941
898 941
899 941
900 941
901 941
902 941
903 941
904 941
905 941
906 941
907 941
908 941
909 941
910 941
911 941
912 941
913 941
914 941
915 941
916 941
917 941
918 941
919 941
920 941
921 941
922 941
923 941
924 941
925 941
926 941
927 941
928 941
929 941
930 941
931 941
932 941
933 941
934 941
935 941
936 941
937 941
938 941
939 941
940 941
941 941
942 941
943 941
944 941
945 941
946 941
947 941
948 941
949 941
950 941
951 941
952 941
953 941
954 941
955 941
956 941
957 941
958 941
959 941
960 941
961 941
962 941
963 941
964 941
965 941
966 941
967 941
968 941
969 941
970 941
971 941
972 941
973 941
974 941
975 941
976 941
977 941
978 941
979 941
980 941
981 941
982 941
983 941
984 941
985 941
986 941
987 941
988 941
989 941
990 941
991 941
992 941
993 941
994 941
995 941
996 941
997 941
998 941
999 941
1000 941
1001 941
1002 941
1003 941
1004 941
1005 941
1006 941
1007 941
1008 941
1009 941
1010 941
1011 941
1012 941
1013 941
1014 941
1015 941
1016 941
1017 941
1018 941
1019 941
1020 941
1021 941
1022 941
1023 941
1024 941
1025 941
1026 941
1027 941
1028 941
1029 941
1030 941
1031 941
1032 941
1033 941
1034 941
1035 941
1036 941
1037 941
1038 941
1039 941
1040 941
1041 941
1042 941
1043 941
1044 941
1045 941
1046 941
1047 941
1048 941
1049 941
1050 941
1051 941
1052 941
1053 941
1054 941
1055 941
1056 941
1057 941
1058 941
1059 941
1060 941
1061 941
1062 941
1063 941
1064 941
1065 941
1066 941
1067 941
1068 941
1069 941
1070 941
1071 941
1072 941
1073 941
1074 941
1075 941
1076 941
1077 941
1078 941
1079 941
1080 941
1081 941
1082 941
1083 941
1084 941
1085 941
1086 941
1087 941
1088 941
1089 941
1090 941
1091 941
1092 941
1093 941
1094 941
1095 941
1096 941
1097 941
1098 941
1099 941
1100 941
1101 941
1102 941
1103 941
1104 941
1105 941
1106 941
1107 941
1108 941
1109 941
1110 941
1111 941
1112 941
1113 941
1114 941
1115 941
1116 941
1117 941
1118 941
1119 941
1120 941
1121 941
1122 941
1123 941
1124 941
1125 941
1126 941
1127 941
1128 941
1129 941
1130 941
1131 941
1132 941
1133 941
1134 941
1135 941
1136 941
1137 941
1138 941
1139 941
1140 941
1141 941
1142 941
1143 941
1144 941
1145 941
1146 941
1147 941
1148 941
1149 941
1150 941
1151 941
1152 941
1153 941
1154 941
1155 941
1156 941
1157 941
1158 941
1159 941
1160 941
1161 941
1162 941
1163 941
1164 941
1165 941
1166 941
1167 941
1168 941
1169 941
1170 941
1171 941
1172 941
1173 941
1174 941
1175 941
1176 941
1177 941
1178 941
1179 941
1180 941
1181 941
1182 941
1183 941
1184 941
1185 941
1186 941
1187 941
1188 941
1189 941
1190 941
1191 941
1192 941
1193 941
1194 941
1195 941
1196 941
1197 941
1198 941
1199 941
1200 941
1201 941
1202 941
1203 941
1204 941
1205 941
1206 941
1207 941
1208 941
1209 941
1210 941
1211 941
1212 941
1213 941
1214 941
1215 941
1216 941
1217 941
1218 941
1219 941
1220 941
1221 941
1222 941
1223 941
1224 941
1225 941
1226 941
1227 941
1228 941
1229 941
1230 941
1231 941
1232 941
1233 941
1234 941
1235 941
1236 941
1237 941
1238 941
1239 941
1240 941
1241 941
1242 941
1243 941
1244 941
1245 941
1246 941
1247 941
1248 941
1249 941
1250 941
1251 941
1252 941
1253 941
1254 941
1255 941
1256 941
1257 941
1258 941
1259 941
1260 941
1261 941
1262 941
1263 941
1264 941
1265 941
1266 941
1267 941
1268 941
1269 941
1270 941
1271 941
1272 941
1273 941
1274 941
1275 941
1276 941
1277 941
1278 941
1279 941
1280 941
1281 941
1282 941
1283 941
1284 941
1285 941
1286 941
1287 941
1288 941
1289 941
1290 941
1291 941
1292 941
1293 941
1294 941
1295 941
1296 941
1297 941
1298 941
1299 941
1300 941
1301 941
1302 941
1303 941
1304 941
1305 941
1306 941
1307 941
1308 941
1309 941
1310 941
1311 941
1312 941
1313 941
1314 941
1315 941
1316 941
1317 941
1318 941
1319 941
1320 941
1321 941
1322 941
1323 941
1324 941
1325 941
1326 941
1327 941
1328 941
1329 941
1330 941
1331 941
1332 941
1333 941
1334 941
1335 941
1336 941
1337 941
1338 941
1339 941
1340 941
1341 941
1342 941
1343 941
1344 941
1345 941
1346 941
1347 941
1348 941
1349 941
1350 941
1351 941
1352 941
1353 941
1354 941
1355 941
1356 941
1357 941
1358 941
1359 941
1360 941
1361 941
1362 941
1363 941
1364 941
1365 941
1366 941
1367 941
1368 941
1369 941
1370 941
1371 941
1372 941
1373 941
1374 941
1375 941
1376 941
1377 941
1378 941
1379 941
1380 941
1381 941
1382 941
1383 941
1384 941
1385 941
1386 941
1387 941
1388 941
1389 941
1390 941
1391 941
1392 941
1393 941
1394 941
1395 941
1396 941
1397 941
1398 941
1399 941
1400 941
1401 941
1402 941
1403 941
1404 941
1405 941
1406 941
1407 941
1408 941
1409 941
1410 941
1411 941
1412 941
1413 941
1414 941
1415 941
1416 941
1417 941
1418 941
1419 941
1420 941
1421 941
1422 941
1423 941
1424 941
1425 941
1426 941
1427 941
1428 941
1429 941
1430 941
1431 941
1432 941
1433 941
1434 941
1435 941
1436 941
1437 941
1438 941
1439 941
1440 941
1441 941
1442 941
1443 941
1444 941
1445 941
1446 941
1447 941
1448 941
1449 941
1450 941
1451 941
1452 941
1453 941
1454 941
1455 941
1456 941
1457 941
1458 941
1459 941
1460 941
1461 941
1462 941
1463 941
1464 941
1465 941
1466 941
1467 941
1468 941
1469 941
1470 941
1471 941
1472 941
1473 941
1474 941
1475 941
1476 941
1477 941
1478 941
1479 941
1480 941
1481 941
1482 941
1483 941
1484 941
1485 941
1486 941
1487 941
1488 941
1489 941
1490 941
1491 941
1492 941
1493 941
1494 941
1495 941
1496 941
1497 941
1498 941
1499 941
1500 941
1501 941
1502 941
1503 941
1504 941
1505 941
1506 941
1507 941
1508 941
1509 941
1510 941
1511 941
1512 941
1513 941
1514 941
1515 941
1516 941
1517 941
1518 941
1519 941
1520 941
1521 941
1522 941
1523 941
1524 941
1525 941
1526 941
1527 941
1528 941
1529 941
1530 941
1531 941
1532 941
1533 941
1534 941
1535 941
1536 941
1537 941
1538 941
1539 941
1540 941
1541 941
1542 941
1543 941
1544 941
1545 941
1546 941
1547 941
1548 941
1549 941
1550 941
1551 941
1552 941
1553 941
1554 941
1555 941
1556 941
1557 941
1558 941
1559 941
1560 941
1561 941
1562 941
1563 941
1564 941
1565 941
1566 941
1567 941
1568 941
1569 941
1570 941
1571 941
1572 941
1573 941
1574 941
1575 941
1576 941
1577 941
1578 941
1579 941
1580 941
1581 941
1582 941
1583 941
1584 941
1585 941
1586 941
1587 941
1588 941
1589 941
1590 941
1591 941
1592 941
1593 941
1594 941
1595 941
1596 941
1597 941
1598 941
1599 941
1600 941
1601 941
1602 941
1603 941
1604 941
1605 941
1606 941
1607 941
1608 941
1609 941
1610 941
1611 941
1612 941
1613 941
1614 941
1615 941
1616 941
1617 941
1618 941
1619 941
1620 941
1621 941
1622 941
1623 941
1624 941
1625 941
1626 941
1627 941
1628 941
1629 941
1630 941
1631 941
1632 941
1633 941
1634 941
1635 941
1636 941
1637 941
1638 941
1639 941
1640 941
1641 941
1642 941
1643 941
1644 941
1645 941
1646 941
1647 941
1648 941
1649 941
1650 941
1651 941
1652 941
1653 941
1654 941
1655 941
1656 941
1657 941
1658 941
1659 941
1660 941
1661 941
1662 941
1663 941
1664 941
1665 941
1666 941
1667 941
1668 941
1669 941
1670 941
1671 941
1672 941
1673 941
1674 941
1675 941
1676 941
1677 941
1678 941
1679 941
1680 941
1681 941
1682 941
1683 941
1684 941
1685 941
1686 941
1687 941
1688 941
1689 941
1690 941
1691 941
1692 941
1693 941
1694 941
1695 941
1696 941
1697 941
1698 941
1699 941
1700 941
1701 941
1702 941
1703 941
1704 941
1705 941
1706 941
1707 941
1708 941
1709 941
1710 941
1711 941
1712 941
1713 941
1714 941
1715 941
1716 941
1717 941
1718 941
1719 941
1720 941
1721 941
1722 941
1723 941
1724 941
1725 941
1726 941
1727 941
1728 941
1729 941
1730 941
1731 941
1732 941
1733 941
1734 941
1735 941
1736 941
1737 941
1738 941
1739 941
1740 941
1741 941
1742 941
1743 941
1744 941
1745 941
1746 941
1747 941
1748 941
1749 941
1750 941
1751 941
1752 941
1753 941
1754 941
1755 941
1756 941
1757 941
1758 941
1759 941
1760 941
1761 941
1762 941
1763 941
1764 941
1765 941
1766 941
1767 941
1768 941
1769 941
1770 941
1771 941
1772 941
1773 941
1774 941
1775 941
1776 941
1777 941
1778 941
1779 941
1780 941
1781 941
1782 941
1783 941
1784 941
1785 941
1786 941
1787 941
1788 941
1789 941
1790 941
1791 941
1792 941
1793 941
1794 941
1795 941
1796 941
1797 941
1798 941
1799 941
1800 941
1801 941
1802 941
1803 941
1804 941
1805 941
1806 941
1807 941
1808 941
1809 941
1810 941
1811 941
1812 941
1813 941
1814 941
1815 941
1816 941
1817 941
1818 941
1819 941
1820 941
1821 941
1822 941
1823 941
1824 941
1825 941
1826 941
1827 941
1828 941
1829 941
1830 941
1831 941
1832 941
1833 941
1834 941
1835 941
1836 941
1837 941
1838 941
1839 941
1840 941
1841 941
1842 941
1843 941
1844 941
1845 941
1846 941
1847 941
1848 941
1849 941
1850 941
1851 941
1852 941
1853 941
1854 941
1855 941
1856 941
1857 941
1858 941
1859 941
1860 941
1861 941
1862 941
1863 941
1864 941
1865 941
1866 941
1867 941
1868 941
1869 941
1870 941
1871 941
1872 941
1873 941
1874 941
1875 941
1876 941
1877 941
1878 941
1879 941
1880 941
1881 941
1882 941
1883 941
1884 941
1885 941
1886 941
1887 941
1888 941
1889 941
1890 941
1891 941
1892 941
1893 941
1894 941
1895 941
1896 941
1897 941
1898 941
1899 941
1900 941
1901 941
1902 941
1903 941
1904 941
1905 941
1906 941
1907 941
1908 941
1909 941
1910 941
1911 941
1912 941
1913 941
1914 941
1915 941
1916 941
1917 941
1918 941
1919 941
1920 941
1921 941
1922 941
1923 941
1924 941
1925 941
1926 941
1927 941
1928 941
1929 941
1930 941
1931 941
1932 941
1933 941
1934 941
1935 941
1936 941
1937 941
1938 941
1939 941
1940 941
1941 941
1942 941
1943 941
1944 941
1945 941
1946 941
1947 941
1948 941
1949 941
1950 941
1951 941
1952 941
1953 941
1954 941
1955 941
1956 941
1957 941
1958 941
1959 941
1960 941
1961 941
1962 941
1963 941
1964 941
1965 941
1966 941
1967 941
1968 941
1969 941
1970 941
1971 941
1972 941
1973 941
1974 941
1975 941
1976 941
1977 941
1978 941
1979 941
1980 941
1981 941
1982 941
1983 941
1984 941
1985 941
1986 941
1987 941
1988 941
1989 941
1990 941
1991 941
1992 941
1993 941
1994 941
1995 941
1996 941
1997 941
1998 941
1999 941
2000 941
2001 941
2002 941
2003 941
2004 941
2005 941
2006 941
2007 941
2008 941
2009 941
2010 941
2011 941
2012 941
2013 941
2014 941
2015 941
2016 941
2017 941
2018 941
2019 941
2020 941
2021 941
2022 941
2023 941
2024 941
2025 941
2026 941
2027 941
2028 941
2029 941
2030 941
2031 941
2032 941
2033 941
2034 941
2035 941
2036 941
2037 941
2038 941
2039 941
2040 941
2041 941
2042 941
2043 941
2044 941
2045 941
2046 941
2047 941
2048 941
2049 941
2050 941
2051 941
2052 941
2053 941
2054 941
2055 941
2056 941
2057 941
2058 941
2059 941
2060 941
2061 941
2062 941
2063 941
2064 941
2065 941
2066 941
2067 941
2068 941
2069 941
2070 941
2071 941
2072 941
2073 941
2074 941
2075 941
2076 941
2077 941
2078 941
2079 941
2080 941
2081 941
2082 941
2083 941
2084 941
2085 941
2086 941
2087 941
2088 941
2089 941
2090 941
2091 941
2092 941
2093 941
2094 941
2095 941
2096 941
2097 941
2098 941
2099 941
2100 941
2101 941
2102 941
2103 941
2104 941
2105 941
2106 941
2107 941
2108 941
2109 941
2110 941
2111 941
2112 941
2113 941
2114 941
2115 941
2116 941
2117 941
2118 941
2119 941
2120 941
2121 941
2122 941
2123 941
2124 941
2125 941
2126 941
2127 941
2128 941
2129 941
2130 941
2131 941
2132 941
2133 941
2134 941
2135 941
2136 941
2137 941
2138 941
2139 941
2140 941
2141 941
2142 941
2143 941
2144 941
2145 941
2146 941
2147 941
2148 941
2149 941
2150 941
2151 941
2152 941
2153 941
2154 941
2155 941
2156 941
2157 941
2158 941
2159 941
2160 941
2161 941
2162 941
2163 941
2164 941
2165 941
2166 941
2167 941
2168 941
2169 941
2170 941
2171 941
2172 941
2173 941
2174 941
2175 941
2176 941
2177 941
2178 941
2179 941
2180 941
2181 941
2182 941
2183 941
2184 941
2185 941
2186 941
2187 941
2188 941
2189 941
2190 941
2191 941
2192 941
2193 941
2194 941
2195 941
2196 941
2197 941
2198 941
2199 941
2200 941
2201 941
2202 941
2203 941
2204 941
2205 941
2206 941
2207 941
2208 941
2209 941
2210 941
2211 941
2212 941
2213 941
2214 941
2215 941
2216 941
2217 941
2218 941
2219 941
2220 941
2221 941
2222 941
2223 941
2224 941
2225 941
2226 941
2227 941
2228 941
2229 941
2230 941
2231 941
2232 941
2233 941
2234 941
2235 941
2236 941
2237 941
2238 941
2239 941
2240 941
2241 941
2242 941
2243 941
2244 941
2245 941
2246 941
2247 941
2248 941
2249 941
2250 941
2251 941
2252 941
2253 941
2254 941
2255 941
2256 941
2257 941
2258 941
2259 941
2260 941
2261 941
2262 941
2263 941
2264 941
2265 941
2266 941
2267 941
2268 941
2269 941
2270 941
2271 941
2272 941
2273 941
2274 941
2275 941
2276 941
2277 941
2278 941
2279 941
2280 941
2281 941
2282 941
2283 941
2284 941
2285 941
2286 941
2287 941
2288 941
2289 941
2290 941
2291 941
2292 941
2293 941
2294 941
2295 941
2296 941
2297 941
2298 941
2299 941
2300 941
2301 941
2302 941
2303 941
2304 941
2305 941
2306 941
2307 941
2308 941
2309 941
2310 941
2311 941
2312 941
2313 941
2314 941
2315 941
2316 941
2317 941
2318 941
2319 941
2320 941
2321 941
2322 941
2323 941
2324 941
2325 941
2326 941
2327 941
2328 941
2329 941
2330 941
2331 941
2332 941
2333 941
2334 941
2335 941
2336 941
2337 941
2338 941
2339 941
2340 941
2341 941
2342 941
2343 941
2344 941
2345 941
2346 941
2347 941
2348 941
2349 941
2350 941
2351 941
2352 941
2353 941
2354 941
2355 941
2356 941
2357 941
2358 941
2359 941
2360 941
2361 941
2362 941
2363 941
2364 941
2365 941
2366 941
2367 941
2368 941
2369 941
2370 941
2371 941
2372 941
2373 941
2374 941
2375 941
2376 941
2377 941
2378 941
2379 941
2380 941
2381 941
2382 941
2383 941
2384 941
2385 941
2386 941
2387 941
2388 941
2389 941
2390 941
2391 941
2392 941
2393 941
2394 941
2395 941
2396 941
2397 941
2398 941
2399 941
2400 941
2401 941
2402 941
2403 941
2404 941
2405 941
2406 941
2407 941
2408 941
2409 941
2410 941
2411 941
2412 941
2413 941
2414 941
2415 941
2416 941
2417 941
2418 941
2419 941
2420 941
2421 941
2422 941
2423 941
2424 941
2425 941
2426 941
2427 941
2428 941
2429 941
2430 941
2431 941
2432 941
2433 941
2434 941
2435 941
2436 941
2437 941
2438 941
2439 941
2440 941
2441 941
2442 941
2443 941
2444 941
2445 941
2446 941
2447 941
2448 941
2449 941
2450 941
2451 941
2452 941
2453 941
2454 941
2455 941
2456 941
2457 941
2458 941
2459 941
2460 941
2461 941
2462 941
2463 941
2464 941
2465 941
2466 941
2467 941
2468 941
2469 941
2470 941
2471 941
2472 941
2473 941
2474 941
2475 941
2476 941
2477 941
2478 941
2479 941
2480 941
2481 941
2482 941
2483 941
2484 941
2485 941
2486 941
2487 941
2488 941
2489 941
2490 941
2491 941
2492 941
2493 941
2494 941
2495 941
2496 941
2497 941
2498 941
2499 941
2500 941
2501 941
2502 941
2503 941
2504 941
2505 941
2506 941
2507 941
2508 941
2509 941
2510 941
2511 941
2512 941
2513 941
2514 941
2515 941
2516 941
2517 941
2518 941
2519 941
2520 941
2521 941
2522 941
2523 941
2524 941
2525 941
2526 941
2527 941
2528 941
2529 941
2530 941
2531 941
2532 941
2533 941
2534 941
2535 941
2536 941
2537 941
2538 941
2539 941
2540 941
2541 941
2542 941
2543 941
2544 941
2545 941
2546 941
2547 941
2548 941
2549 941
2550 941
2551 941
2552 941
2553 941
2554 941
2555 941
2556 941
2557 941
2558 941
2559 941
2560 941
2561 941
2562 941
2563 941
2564 941
2565 941
2566 941
2567 941
2568 941
2569 941
2570 941
2571 941
2572 941
2573 941
2574 941
2575 941
2576 941
2577 941
2578 941
2579 941
2580 941
2581 941
2582 941
2583 941
2584 941
2585 941
2586 941
2587 941
2588 941
2589 941
2590 941
2591 941
2592 941
2593 941
2594 941
2595 941
2596 941
2597 941
2598 941
2599 941
2600 941
2601 941
2602 941
2603 941
2604 941
2605 941
2606 941
2607 941
2608 941
2609 941
2610 941
2611 941
2612 941
2613 941
2614 941
2615 941
2616 941
2617 941
2618 941
2619 941
2620 941
2621 941
2622 941
2623 941
2624 941
2625 941
2626 941
2627 941
2628 941
2629 941
2630 941
2631 941
2632 941
2633 941
2634 941
2635 941
2636 941
2637 941
2638 941
2639 941
2640 941
2641 941
2642 941
2643 941
2644 941
2645 941
2646 941
2647 941
2648 941
2649 941
2650 941
2651 941
2652 941
2653 941
2654 941
2655 941
2656 941
2657 941
2658 941
2659 941
2660 941
2661 941
2662 941
2663 941
2664 941
2665 941
2666 941
2667 941
2668 941
2669 941
2670 941
2671 941
2672 941
2673 941
2674 941
2675 941
2676 941
2677 941
2678 941
2679 941
2680 941
2681 941
2682 941
2683 941
2684 941
2685 941
2686 941
2687 941
2688 941
2689 941
2690 941
2691 941
2692 941
2693 941
2694 941
2695 941
2696 941
2697 941
2698 941
2699 941
2700 941
2701 941
2702 941
2703 941
2704 941
2705 941
2706 941
2707 941
2708 941
2709 941
2710 941
2711 941
2712 941
2713 941
2714 941
2715 941
2716 941
2717 941
2718 941
2719 941
2720 941
2721 941
2722 941
2723 941
2724 941
2725 941
2726 941
2727 941
2728 941
2729 941
2730 941
2731 941
2732 941
2733 941
2734 941
2735 941
2736 941
2737 941
2738 941
2739 941
2740 941
2741 941
2742 941
2743 941
2744 941
2745 941
2746 941
2747 941
2748 941
2749 941
2750 941
2751 941
2752 941
2753 941
2754 941
2755 941
2756 941
2757 941
2758 941
2759 941
2760 941
2761 941
2762 941
2763 941
2764 941
2765 941
2766 941
2767 941
2768 941
2769 941
2770 941
2771 941
2772 941
2773 941
2774 941
2775 941
2776 941
2777 941
2778 941
2779 941
2780 941
2781 941
2782 941
2783 941
2784 941
2785 941
2786 941
2787 941
2788 941
2789 941
2790 941
2791 941
2792 941
2793 941
2794 941
2795 941
2796 941
2797 941
2798 941
2799 941
2800 941
2801 941
2802 941
2803 941
2804 941
2805 941
2806 941
2807 941
2808 941
2809 941
2810 941
2811 941
2812 941
2813 941
2814 941
2815 941
2816 941
2817 941
2818 941
2819 941
2820 941
2821 941
2822 941
2823 941
2824 941
2825 941
2826 941
2827 941
2828 941
2829 941
2830 941
2831 941
2832 941
2833 941
2834 941
2835 941
2836 941
2837 941
2838 941
2839 941
2840 941
2841 941
2842 941
2843 941
2844 941
2845 941
2846 941
2847 941
2848 941
2849 941
2850 941
2851 941
2852 941
2853 941
2854 941
2855 941
2856 941
2857 941
2858 941
2859 941
2860 941
2861 941
2862 941
2863 941
2864 941
2865 941
2866 941
2867 941
2868 941
2869 941
2870 941
2871 941
2872 941
2873 941
2874 941
2875 941
2876 941
2877 941
2878 941
2879 941
2880 941
2881 941
2882 941
2883 941
2884 941
2885 941
2886 941
2887 941
2888 941
2889 941
2890 941
2891 941
2892 941
2893 941
2894 941
2895 941
2896 941
2897 941
2898 941
2899 941
2900 941
2901 941
2902 941
2903 941
2904 941
2905 941
2906 941
2907 941
2908 941
2909 941
2910 941
2911 941
2912 941
2913 941
2914 941
2915 941
2916 941
2917 941
2918 941
2919 941
2920 941
2921 941
2922 941
2923 941
2924 941
2925 941
2926 941
2927 941
2928 941
2929 941
2930 941
2931 941
2932 941
2933 941
2934 941
2935 941
2936 941
2937 941
2938 941
2939 941
2940 941
2941 941
2942 941
2943 941
2944 941
2945 941
2946 941
2947 941
2948 941
2949 941
2950 941
2951 941
2952 941
2953 941
2954 941
2955 941
2956 941
2957 941
2958 941
2959 941
2960 941
2961 941
2962 941
2963 941
2964 941
2965 941
2966 941
2967 941
2968 941
2969 941
2970 941
2971 941
2972 941
2973 941
2974 941
2975 941
2976 941
2977 941
2978 941
2979 941
2980 941
2981 941
2982 941
2983 941
2984 941
2985 941
2986 941
2987 941
2988 941
2989 941
2990 941
2991 941
2992 941
2993 941
2994 941
2995 941
2996 941
2997 941
2998 941
2999 941
3000 941
3001 941
3002 941
3003 941
3004 941
3005 941
3006 941
3007 941
3008 941
3009 941
3010 941
3011 941
3012 941
3013 941
3014 941
3015 941
3016 941
3017 941
3018 941
3019 941
3020 941
3021 941
3022 941
3023 941
3024 941
3025 941
3026 941
3027 941
3028 941
3029 941
3030 941
3031 941
3032 941
3033 941
3034 941
3035 941
3036 941
3037 941
3038 941
3039 941
3040 941
3041 941
3042 941
3043 941
3044 941
3045 941
3046 941
3047 941
3048 941
3049 941
3050 941
3051 941
3052 941
3053 941
3054 941
3055 941
3056 941
3057 941
3058 941
3059 941
3060 941
3061 941
3062 941
3063 941
3064 941
3065 941
3066 941
3067 941
3068 941
3069 941
3070 941
3071 941
3072 941
3073 941
3074 941
3075 941
3076 941
3077 941
3078 941
3079 941
3080 941
3081 941
3082 941
3083 941
3084 941
3085 941
3086 941
3087 941
3088 941
3089 941
3090 941
3091 941
3092 941
3093 941
3094 941
3095 941
3096 941
3097 941
3098 941
3099 941
3100 941
3101 941
3102 941
3103 941
3104 941
3105 941
3106 941
3107 941
3108 941
3109 941
3110 941
3111 941
3112 941
3113 941
3114 941
3115 941
3116 941
3117 941
3118 941
3119 941
3120 941
3121 941
3122 941
3123 941
3124 941
3125 941
3126 941
3127 941
3128 941
3129 941
3130 941
3131 941
3132 941
3133 941
3134 941
3135 941
3136 941
3137 941
3138 941
3139 941
3140 941
3141 941
3142 941
3143 941
3144 941
3145 941
3146 941
3147 941
3148 941
3149 941
3150 941
3151 941
3152 941
3153 941
3154 941
3155 941
3156 941
3157 941
3158 941
3159 941
3160 941
3161 941
3162 941
3163 941
3164 941
3165 941
3166 941
3167 941
3168 941
3169 941
3170 941
3171 941
3172 941
3173 941
3174 941
3175 941
3176 941
3177 941
3178 941
3179 941
3180 941
3181 941
3182 941
3183 941
3184 941
3185 941
3186 941
3187 941
3188 941
3189 941
3190 941
3191 941
3192 941
3193 941
3194 941
3195 941
3196 941
3197 941
3198 941
3199 941
3200 941
3201 941
3202 941
3203 941
3204 941
3205 941
3206 941
3207 941
3208 941
3209 941
3210 941
3211 941
3212 941
3213 941
3214 941
3215 941
3216 941
3217 941
3218 941
3219 941
3220 941
3221 941
3222 941
3223 941
3224 941
3225 941
3226 941
3227 941
3228 941
3229 941
3230 941
3231 941
3232 941
3233 941
3234 941
3235 941
3236 941
3237 941
3238 941
3239 941
3240 941
3241 941
3242 941
3243 941
3244 941
3245 941
3246 941
3247 941
3248 941
3249 941
3250 941
3251 941
3252 941
3253 941
3254 941
3255 941
3256 941
3257 941
3258 941
3259 941
3260 941
3261 941
3262 941
3263 941
3264 941
3265 941
3266 941
3267 941
3268 941
3269 941
3270 941
3271 941
3272 941
3273 941
3274 941
3275 941
3276 941
3277 941
3278 941
3279 941
3280 941
3281 941
3282 941
3283 941
3284 941
3285 941
3286 941
3287 941
3288 941
3289 941
3290 941
3291 941
3292 941
3293 941
3294 941
3295 941
3296 941
3297 941
3298 941
3299 941
3300 941
3301 941
3302 941
3303 941
3304 941
3305 941
3306 941
3307 941
3308 941
3309 941
3310 941
3311 941
3312 941
3313 941
3314 941
3315 941
3316 941
3317 941
3318 941
3319 941
3320 941
3321 941
3322 941
3323 941
3324 941
3325 941
3326 941
3327 941
3328 941
3329 941
3330 941
3331 941
3332 941
3333 941
3334 941
3335 941
3336 941
3337 941
3338 941
3339 941
3340 941
3341 941
3342 941
3343 941
3344 941
3345 941
3346 941
3347 941
3348 941
3349 941
3350 941
3351 941
3352 941
3353 941
3354 941
3355 941
3356 941
3357 941
3358 941
3359 941
3360 941
3361 941
3362 941
3363 941
3364 941
3365 941
3366 941
3367 941
3368 941
3369 941
3370 941
3371 941
3372 941
3373 941
3374 941
3375 941
3376 941
3377 941
3378 941
3379 941
3380 941
3381 941
3382 941
3383 941
3384 941
3385 941
3386 941
3387 941
3388 941
3389 941
3390 941
3391 941
3392 941
3393 941
3394 941
3395 941
3396 941
3397 941
3398 941
3399 941
3400 941
3401 941
3402 941
3403 941
3404 941
3405 941
3406 941
3407 941
3408 941
3409 941
3410 941
3411 941
3412 941
3413 941
3414 941
3415 941
3416 941
3417 941
3418 941
3419 941
3420 941
3421 941
3422 941
3423 941
3424 941
3425 941
3426 941
3427 941
3428 941
3429 941
3430 941
3431 941
3432 941
3433 941
3434 941
3435 941
3436 941
3437 941
3438 941
3439 941
3440 941
3441 941
3442 941
3443 941
3444 941
3445 941
3446 941
3447 941
3448 941
3449 941
3450 941
3451 941
3452 941
3453 941
3454 941
3455 941
3456 941
3457 941
3458 941
3459 941
3460 941
3461 941
3462 941
3463 941
3464 941
3465 941
3466 941
3467 941
3468 941
3469 941
3470 941
3471 941
3472 941
3473 941
3474 941
3475 941
3476 941
3477 941
3478 941
3479 941
3480 941
3481 941
3482 941
3483 941
3484 941
3485 941
3486 941
3487 941
3488 941
3489 941
3490 941
3491 941
3492 941
3493 941
3494 941
3495 941
3496 941
3497 941
3498 941
3499 941
3500 941
3501 941
3502 941
3503 941
3504 941
3505 941
3506 941
3507 941
3508 941
3509 941
3510 941
3511 941
3512 941
3513 941
3514 941
3515 941
3516 941
3517 941
3518 941
3519 941
3520 941
3521 941
3522 941
3523 941
3524 941
3525 941
3526 941
3527 941
3528 941
3529 941
3530 941
3531 941
3532 941
3533 941
3534 941
3535 941
3536 941
3537 941
3538 941
3539 941
3540 941
3541 941
3542 941
3543 941
3544 941
3545 941
3546 941
3547 941
3548 941
3549 941
3550 941
3551 941
3552 941
3553 941
3554 941
3555 941
3556 941
3557 941
3558 941
3559 941
3560 941
3561 941
3562 941
3563 941
3564 941
3565 941
3566 941
3567 941
3568 941
3569 941
3570 941
3571 941
3572 941
3573 941
3574 941
3575 941
3576 941
3577 941
3578 941
3579 941
3580 941
3581 941
3582 941
3583 941
3584 941
3585 941
3586 941
3587 941
3588 941
3589 941
3590 941
3591 941
3592 941
3593 941
3594 941
3595 941
3596 941
3597 941
3598 941
3599 941
3600 941
3601 941
3602 941
3603 941
3604 941
3605 941
3606 941
3607 941
3608 941
3609 941
3610 941
3611 941
3612 941
3613 941
3614 941
3615 941
3616 941
3617 941
3618 941
3619 941
3620 941
3621 941
3622 941
3623 941
3624 941
3625 941
3626 941
3627 941
3628 941
3629 941
3630 941
3631 941
3632 941
3633 941
3634 941
3635 941
3636 941
3637 941
3638 941
3639 941
3640 941
3641 941
3642 941
3643 941
3644 941
3645 941
3646 941
3647 941
3648 941
3649 941
3650 941
3651 941
3652 941
3653 941
3654 941
3655 941
3656 941
3657 941
3658 941
3659 941
3660 941
3661 941
3662 941
3663 941
3664 941
3665 941
3666 941
3667 941
3668 941
3669 941
3670 941
3671 941
3672 941
3673 941
3674 941
3675 941
3676 941
3677 941
3678 941
3679 941
3680 941
3681 941
3682 941
3683 941
3684 941
3685 941
3686 941
3687 941
3688 941
3689 941
3690 941
3691 941
3692 941
3693 941
3694 941
3695 941
3696 941
3697 941
3698 941
3699 941
3700 941
3701 941
3702 941
3703 941
3704 941
3705 941
3706 941
3707 941
3708 941
3709 941
3710 941
3711 941
3712 941
3713 941
3714 941
3715 941
3716 941
3717 941
3718 941
3719 941
3720 941
3721 941
3722 941
3723 941
3724 941
3725 941
3726 941
3727 941
3728 941
3729 941
3730 941
3731 941
3732 941
3733 941
3734 941
3735 941
3736 941
3737 941
3738 941
3739 941
3740 941
3741 941
3742 941
3743 941
3744 941
3745 941
3746 941
3747 941
3748 941
3749 941
3750 941
3751 941
3752 941
3753 941
3754 941
3755 941
3756 941
3757 941
3758 941
3759 941
3760 941
3761 941
3762 941
3763 941
3764 941
3765 941
3766 941
3767 941
3768 941
3769 941
3770 941
3771 941
3772 941
3773 941
3774 941
3775 941
3776 941
3777 941
3778 941
3779 941
3780 941
3781 941
3782 941
3783 941
3784 941
3785 941
3786 941
3787 941
3788 941
3789 941
3790 941
3791 941
3792 941
3793 941
3794 941
3795 941
3796 941
3797 941
3798 941
3799 941
3800 941
3801 941
3802 941
3803 941
3804 941
3805 941
3806 941
3807 941
3808 941
3809 941
3810 941
3811 941
3812 941
3813 941
3814 941
3815 941
3816 941
3817 941
3818 941
3819 941
3820 941
3821 941
3822 941
3823 941
3824 941
3825 941
3826 941
3827 941
3828 941
3829 941
3830 941
3831 941
3832 941
3833 941
3834 941
3835 941
3836 941
3837 941
3838 941
3839 941
3840 941
3841 941
3842 941
3843 941
3844 941
3845 941
3846 941
3847 941
3848 941
3849 941
3850 941
3851 941
3852 941
3853 941
3854 941
3855 941
3856 941
3857 941
3858 941
3859 941
3860 941
3861 941
3862 941
3863 941
3864 941
3865 941
3866 941
3867 941
3868 941
3869 941
3870 941
3871 941
3872 941
3873 941
3874 941
3875 941
3876 941
3877 941
3878 941
3879 941
3880 941
3881 941
3882 941
3883 941
3884 941
3885 941
3886 941
3887 941
3888 941
3889 941
3890 941
3891 941
3892 941
3893 941
3894 941
3895 941
3896 941
3897 941
3898 941
3899 941
3900 941
3901 941
3902 941
3903 941
3904 941
3905 941
3906 941
3907 941
3908 941
3909 941
3910 941
3911 941
3912 941
3913 941
3914 941
3915 941
3916 941
3917 941
3918 941
3919 941
3920 941
3921 941
3922 941
3923 941
3924 941
3925 941
3926 941
3927 941
3928 941
3929 941
3930 941
3931 941
3932 941
3933 941
3934 941
3935 941
3936 941
3937 941
3938 941
3939 941
3940 941
3941 941
3942 941
3943 941
3944 941
3945 941
3946 941
3947 941
3948 941
3949 941
3950 941
3951 941
3952 941
3953 941
3954 941
3955 941
3956 941
3957 941
3958 941
3959 941
3960 941
3961 941
3962 941
3963 941
3964 941
3965 941
3966 941
3967 941
3968 941
3969 941
3970 941
3971 941
3972 941
3973 941
3974 941
3975 941
3976 941
3977 941
3978 941
3979 941
3980 941
3981 941
3982 941
3983 941
3984 941
3985 941
3986 941
3987 941
3988 941
3989 941
3990 941
3991 941
3992 941
3993 941
3994 941
3995 941
3996 941
3997 941
3998 941
3999 941
4000 941
4001 941
4002 941
4003 941
4004 941
4005 941
4006 941
4007 941
4008 941
4009 941
4010 941
4011 941
4012 941
4013 941
4014 941
4015 941
4016 941
4017 941
4018 941
4019 941
4020 941
4021 941
4022 941
4023 941
4024 941
4025 941
4026 941
4027 941
4028 941
4029 941
4030 941
4031 941
4032 941
4033 941
4034 941
4035 941
4036 941
4037 941
4038 941
4039 941
4040 941
4041 941
4042 941
4043 941
4044 941
4045 941
4046 941
4047 941
4048 941
4049 941
4050 941
4051 941
4052 941
4053 941
4054 941
4055 941
4056 941
4057 941
4058 941
4059 941
4060 941
4061 941
4062 941
4063 941
4064 941
4065 941
4066 941
4067 941
4068 941
4069 941
4070 941
4071 941
4072 941
4073 941
4074 941
4075 941
4076 941
4077 941
4078 941
4079 941
4080 941
4081 941
4082 941
4083 941
4084 941
4085 941
4086 941
4087 941
4088 941
4089 941
4090 941
4091 941
4092 941
4093 941
4094 941
4095 941
4096 941
4097 941
4098 941
4099 941
4100 941
4101 941
4102 941
4103 941
4104 941
4105 941
4106 941
4107 941
4108 941
4109 941
4110 941
4111 941
4112 941
4113 941
4114 941
4115 941
4116 941
4117 941
4118 941
4119 941
4120 941
4121 941
4122 941
4123 941
4124 941
4125 941
4126 941
4127 941
4128 941
4129 941
4130 941
4131 941
4132 941
4133 941
4134 941
4135 941
4136 941
4137 941
4138 941
4139 941
4140 941
4141 941
4142 941
4143 941
4144 941
4145 941
4146 941
4147 941
4148 941
4149 941
4150 941
4151 941
4152 941
4153 941
4154 941
4155 941
4156 941
4157 941
4158 941
4159 941
4160 941
4161 941
4162 941
4163 941
4164 941
4165 941
4166 941
4167 941
4168 941
4169 941
4170 941
4171 941
4172 941
4173 941
4174 941
4175 941
4176 941
4177 941
4178 941
4179 941
4180 941
4181 941
4182 941
4183 941
4184 941
4185 941
4186 941
4187 941
4188 941
4189 941
4190 941
4191 941
4192 941
4193 941
4194 941
4195 941
4196 941
4197 941
4198 941
4199 941
4200 941
4201 941
4202 941
4203 941
4204 941
4205 941
4206 941
4207 941
4208 941
4209 941
4210 941
4211 941
4212 941
4213 941
4214 941
4215 941
4216 941
4217 941
4218 941
4219 941
4220 941
4221 941
4222 941
4223 941
4224 941
4225 941
4226 941
4227 941
4228 941
4229 941
4230 941
4231 941
4232 941
4233 941
4234 941
4235 941
4236 941
4237 941
4238 941
4239 941
4240 941
4241 941
4242 941
4243 941
4244 941
4245 941
4246 941
4247 941
4248 941
4249 941
4250 941
4251 941
4252 941
4253 941
4254 941
4255 941
4256 941
4257 941
4258 941
4259 941
4260 941
4261 941
4262 941
4263 941
4264 941
4265 941
4266 941
4267 941
4268 941
4269 941
4270 941
4271 941
4272 941
4273 941
4274 941
4275 941
4276 941
4277 941
4278 941
4279 941
4280 941
4281 941
4282 941
4283 941
4284 941
4285 941
4286 941
4287 941
4288 941
4289 941
4290 941
4291 941
4292 941
4293 941
4294 941
4295 941
4296 941
4297 941
4298 941
4299 941
4300 941
4301 941
4302 941
4303 941
4304 941
4305 941
4306 941
4307 941
4308 941
4309 941
4310 941
4311 941
4312 941
4313 941
4314 941
4315 941
4316 941
4317 941
4318 941
4319 941
4320 941
4321 941
4322 941
4323 941
4324 941
4325 941
4326 941
4327 941
4328 941
4329 941
4330 941
4331 941
4332 941
4333 941
4334 941
4335 941
4336 941
4337 941
4338 941
4339 941
4340 941
4341 941
4342 941
4343 941
4344 941
4345 941
4346 941
4347 941
4348 941
4349 941
4350 941
4351 941
4352 941
4353 941
4354 941
4355 941
4356 941
4357 941
4358 941
4359 941
4360 941
4361 941
4362 941
4363 941
4364 941
4365 941
4366 941
4367 941
4368 941
4369 941
4370 941
4371 941
4372 941
4373 941
4374 941
4375 941
4376 941
4377 941
4378 941
4379 941
4380 941
4381 941
4382 941
4383 941
4384 941
4385 941
4386 941
4387 941
4388 941
4389 941
4390 941
4391 941
4392 941
4393 941
4394 941
4395 941
4396 941
4397 941
4398 941
4399 941
4400 941
4401 941
4402 941
4403 941
4404 941
4405 941
4406 941
4407 941
4408 941
4409 941
4410 941
4411 941
4412 941
4413 941
4414 941
4415 941
4416 941
4417 941
4418 941
4419 941
4420 941
4421 941
4422 941
4423 941
4424 941
4425 941
4426 941
4427 941
4428 941
4429 941
4430 941
4431 941
4432 941
4433 941
4434 941
4435 941
4436 941
4437 941
4438 941
4439 941
4440 941
4441 941
4442 941
4443 941
4444 941
4445 941
4446 941
4447 941
4448 941
4449 941
4450 941
4451 941
4452 941
4453 941
4454 941
4455 941
4456 941
4457 941
4458 941
4459 941
4460 941
4461 941
4462 941
4463 941
4464 941
4465 941
4466 941
4467 941
4468 941
4469 941
4470 941
4471 941
4472 941
4473 941
4474 941
4475 941
4476 941
4477 941
4478 941
4479 941
4480 941
4481 941
4482 941
4483 941
4484 941
4485 941
4486 941
4487 941
4488 941
4489 941
4490 941
4491 941
4492 941
4493 941
4494 941
4495 941
4496 941
4497 941
4498 941
4499 941
4500 941
4501 941
4502 941
4503 941
4504 941
4505 941
4506 941
4507 941
4508 941
4509 941
4510 941
4511 941
4512 941
4513 941
4514 941
4515 941
4516 941
4517 941
4518 941
4519 941
4520 941
4521 941
4522 941
4523 941
4524 941
4525 941
4526 941
4527 941
4528 941
4529 941
4530 941
4531 941
4532 941
4533 941
4534 941
4535 941
4536 941
4537 941
4538 941
4539 941
4540 941
4541 941
4542 941
4543 941
4544 941
4545 941
4546 941
4547 941
4548 941
4549 941
4550 941
4551 941
4552 941
4553 941
4554 941
4555 941
4556 941
4557 941
4558 941
4559 941
4560 941
4561 941
4562 941
4563 941
4564 941
4565 941
4566 941
4567 941
4568 941
4569 941
4570 941
4571 941
4572 941
4573 941
4574 941
4575 941
4576 941
4577 941
4578 941
4579 941
4580 941
4581 941
4582 941
4583 941
4584 941
4585 941
4586 941
4587 941
4588 941
4589 941
4590 941
4591 941
4592 941
4593 941
4594 941
4595 941
4596 941
4597 941
4598 941
4599 941
4600 941
4601 941
4602 941
4603 941
4604 941
4605 941
4606 941
4607 941
4608 941
4609 941
4610 941
4611 941
4612 941
4613 941
4614 941
4615 941
4616 941
4617 941
4618 941
4619 941
4620 941
4621 941
4622 941
4623 941
4624 941
4625 941
4626 941
4627 941
4628 941
4629 941
4630 941
4631 941
4632 941
4633 941
4634 941
4635 941
4636 941
4637 941
4638 941
4639 941
4640 941
4641 941
4642 941
4643 941
4644 941
4645 941
4646 941
4647 941
4648 941
4649 941
4650 941
4651 941
4652 941
4653 941
4654 941
4655 941
4656 941
4657 941
4658 941
4659 941
4660 941
4661 941
4662 941
4663 941
4664 941
4665 941
4666 941
4667 941
4668 941
4669 941
4670 941
4671 941
4672 941
4673 941
4674 941
4675 941
4676 941
4677 941
4678 941
4679 941
4680 941
4681 941
4682 941
4683 941
4684 941
4685 941
4686 941
4687 941
4688 941
4689 941
4690 941
4691 941
4692 941
4693 941
4694 941
4695 941
4696 941
4697 941
4698 941
4699 941
4700 941
4701 941
4702 941
4703 941
4704 941
4705 941
4706 941
4707 941
4708 941
4709 941
4710 941
4711 941
4712 941
4713 941
4714 941
4715 941
4716 941
4717 941
4718 941
4719 941
4720 941
4721 941
4722 941
4723 941
4724 941
4725 941
4726 941
4727 941
4728 941
4729 941
4730 941
4731 941
4732 941
4733 941
4734 941
4735 941
4736 941
4737 941
4738 941
4739 941
4740 941
4741 941
4742 941
4743 941
4744 941
4745 941
4746 941
4747 941
4748 941
4749 941
4750 941
4751 941
4752 941
4753 941
4754 941
4755 941
4756 941
4757 941
4758 941
4759 941
4760 941
4761 941
4762 941
4763 941
4764 941
4765 941
4766 941
4767 941
4768 941
4769 941
4770 941
4771 941
4772 941
4773 941
4774 941
4775 941
4776 941
4777 941
4778 941
4779 941
4780 941
4781 941
4782 941
4783 941
4784 941
4785 941
4786 941
4787 941
4788 941
4789 941
4790 941
4791 941
4792 941
4793 941
4794 941
4795 941
4796 941
4797 941
4798 941
4799 941
4800 941
4801 941
4802 941
4803 941
4804 941
4805 941
4806 941
4807 941
4808 941
4809 941
4810 941
4811 941
4812 941
4813 941
4814 941
4815 941
4816 941
4817 941
4818 941
4819 941
4820 941
4821 941
4822 941
4823 941
4824 941
4825 941
4826 941
4827 941
4828 941
4829 941
4830 941
4831 941
4832 941
4833 941
4834 941
4835 941
4836 941
4837 941
4838 941
4839 941
4840 941
4841 941
4842 941
4843 941
4844 941
4845 941
4846 941
4847 941
4848 941
4849 941
4850 941
4851 941
4852 941
4853 941
4854 941
4855 941
4856 941
4857 941
4858 941
4859 941
4860 941
4861 941
4862 941
4863 941
4864 941
4865 941
4866 941
4867 941
4868 941
4869 941
4870 941
4871 941
4872 941
4873 941
4874 941
4875 941
4876 941
4877 941
4878 941
4879 941
4880 941
4881 941
4882 941
4883 941
4884 941
4885 941
4886 941
4887 941
4888 941
4889 941
4890 941
4891 941
4892 941
4893 941
4894 941
4895 941
4896 941
4897 941
4898 941
4899 941
4900 941
4901 941
4902 941
4903 941
4904 941
4905 941
4906 941
4907 941
4908 941
4909 941
4910 941
4911 941
4912 941
4913 941
4914 941
4915 941
4916 941
4917 941
4918 941
4919 941
4920 941
4921 941
4922 941
4923 941
4924 941
4925 941
4926 941
4927 941
4928 941
4929 941
4930 941
4931 941
4932 941
4933 941
4934 941
4935 941
4936 941
4937 941
4938 941
4939 941
4940 941
4941 941
4942 941
4943 941
4944 941
4945 941
4946 941
4947 941
4948 941
4949 941
4950 941
4951 941
4952 941
4953 941
4954 941
4955 941
4956 941
4957 941
4958 941
4959 941
4960 941
4961 941
4962 941
4963 941
4964 941
4965 941
4966 941
4967 941
4968 941
4969 941
4970 941
4971 941
4972 941
4973 941
4974 941
4975 941
4976 941
4977 941
4978 941
4979 941
4980 941
4981 941
4982 941
4983 941
4984 941
4985 941
4986 941
4987 941
4988 941
4989 941
4990 941
4991 941
4992 941
4993 941
4994 941
4995 941
4996 941
4997 941
4998 941
4999 941
5000 941
